x <- 5
y <- 16
x < y
x > y
x <= 5
y >= 20
y == 16
x != 5